-425 //fixpoint signed Q0.18
-22
-22
-22
-22
-22
-22
-21
-20
-19
-18
-17
-15
-14
-12
-10
-7
-4
-2
2
5
9
12
17
21
26
30
36
41
46
52
58
65
71
78
85
92
99
106
114
122
130
138
146
154
162
171
179
188
196
204
213
221
229
238
246
254
262
269
277
284
292
299
305
312
318
324
329
334
339
343
347
351
354
357
359
361
363
364
364
364
363
363
361
359
356
353
350
346
341
336
330
324
318
311
303
295
287
278
269
260
250
240
229
218
207
195
184
172
160
148
135
123
110
98
85
73
60
48
35
23
11
-1
-12
-24
-35
-46
-56
-67
-77
-86
-95
-104
-112
-119
-127
-133
-139
-145
-150
-155
-159
-162
-165
-167
-169
-170
-170
-170
-169
-168
-166
-163
-160
-157
-153
-148
-143
-137
-131
-125
-118
-111
-103
-95
-87
-78
-69
-60
-51
-42
-32
-23
-13
-3
7
16
26
36
45
54
63
72
81
89
97
105
112
119
125
132
137
142
147
151
155
158
160
162
164
164
165
164
164
162
160
157
154
150
146
141
136
130
124
117
110
103
95
86
78
69
59
50
40
31
21
10
0
-10
-20
-30
-40
-50
-60
-70
-79
-89
-98
-106
-115
-122
-130
-137
-144
-150
-156
-161
-165
-169
-173
-176
-178
-180
-181
-181
-181
-180
-178
-176
-173
-170
-166
-161
-156
-150
-143
-136
-129
-121
-112
-103
-94
-84
-74
-64
-53
-42
-31
-20
-8
3
15
27
38
50
61
73
84
95
105
115
125
135
144
153
161
169
176
183
189
194
199
203
206
209
211
212
212
212
211
209
206
203
199
194
189
182
175
168
159
151
141
131
121
109
98
86
73
61
48
34
21
7
-7
-21
-35
-48
-62
-76
-90
-103
-116
-129
-141
-153
-165
-176
-186
-196
-206
-214
-222
-230
-236
-242
-247
-251
-254
-256
-258
-258
-258
-257
-255
-251
-247
-242
-237
-230
-222
-214
-205
-194
-184
-172
-160
-147
-133
-119
-104
-89
-73
-57
-41
-24
-7
10
28
45
62
79
96
113
130
146
162
178
193
207
221
235
247
259
270
280
289
298
305
311
316
321
324
326
326
326
325
322
318
313
307
300
291
282
271
259
247
233
218
202
186
169
150
132
112
92
71
50
29
7
-15
-37
-60
-82
-105
-127
-149
-171
-192
-213
-233
-253
-272
-290
-308
-325
-340
-355
-368
-381
-392
-402
-410
-418
-423
-428
-431
-432
-432
-430
-427
-423
-416
-409
-399
-388
-376
-362
-347
-330
-312
-292
-271
-249
-226
-202
-176
-150
-123
-95
-66
-37
-7
23
54
85
115
146
177
208
238
268
298
326
354
382
408
433
457
480
501
521
539
556
571
584
595
605
612
617
620
621
620
617
611
603
593
581
566
549
529
508
484
458
431
401
369
335
299
262
223
182
140
97
53
7
-39
-86
-134
-182
-231
-280
-328
-377
-425
-473
-521
-567
-612
-656
-699
-741
-780
-818
-854
-887
-918
-947
-973
-996
-1016
-1033
-1047
-1057
-1064
-1067
-1067
-1063
-1054
-1042
-1026
-1005
-980
-952
-918
-881
-839
-793
-742
-687
-628
-565
-497
-425
-350
-270
-186
-99
-8
87
185
287
391
499
609
722
838
955
1075
1197
1320
1444
1570
1697
1824
1952
2081
2209
2337
2464
2591
2717
2841
2964
3086
3205
3322
3437
3549
3658
3764
3867
3966
4062
4153
4240
4323
4402
4475
4544
4608
4667
4721
4769
4812
4849
4881
4907
4928
4942
4951
4954